bubble sort 5000 nesurikiuotu (ms) - 68, 61, 57, 55, 54, 55, 55, 55, 56, 55, 161, 206, 178, 124, 124, 76, 63, 58, 56, 54, 59, 54, 55, 56, 54, 62, 62, 61, 63, 54, 57, 57, 57, 56, 56, 55, 56, 56, 80, 67, 64, 59, 60, 54, 62, 64, 56, 63, 55, 55, 68, 60, 70, 64, 60, 62, 55, 64, 72, 55, 57, 64, 55, 58, 55, 59, 54, 66, 56, 64, 106, 64, 60, 64, 60, 75, 68, 67, 55, 66, 67, 53, 75, 58, 64, 65, 55, 61, 55, 60, 63, 61, 66, 57, 57, 60, 68, 64, 61, 64.
VIDURKIS - 65,8ms

bubble sort 5000 atvirksciai surikiuotu (ms) - 104, 99, 97, 89, 95, 99, 100, 105, 96, 95, 98, 101, 116, 103, 98, 97, 102, 105, 103, 94, 95, 87, 91, 106, 111, 108, 92, 91, 101, 92, 100, 96, 92, 86, 89, 92, 95, 92, 87, 87, 86, 84, 90, 87, 85, 87, 86, 86, 87, 88, 105, 110, 100, 100, 93, 93, 90, 96, 106, 110, 108, 134, 108, 106, 103, 104, 106, 98, 90, 95, 98, 87, 89, 85, 94, 104, 88, 85, 85, 103, 101, 104, 87, 89, 115, 104, 107, 104, 91, 95, 107, 108, 159, 185, 189, 188, 141, 182, 90, 84.
VIDURKIS - 101,6ms

bubble sort 5000 surikiuotu (mikrosekundes) - 13, 13, 13, 13, 12, 13, 13, 14, 13, 13, 13, 13, 35, 13, 13, 13, 13, 13, 13, 20, 13, 13, 13, 13, 13, 18, 13, 13, 13, 13, 13, 27, 11, 14, 13, 13, 13, 13, 14, 14, 14, 72, 53, 74, 14, 27, 12, 13, 86, 14, 13, 14, 14, 19, 13, 13, 13, 13, 13, 13, 13, 13, 13, 13, 74, 13, 13, 13, 46, 13, 13, 13, 13, 14, 13, 13, 13, 13, 13, 13, 35, 13, 13, 13, 13, 13, 13, 14, 13, 14, 13, 13, 19, 13, 13, 13, 13, 13, 13, 13.
VIDURKIS - 17,3µs


bubble sort 10000 nesurikiuotu (ms) - 251, 235, 580, 254, 245, 393, 237, 306, 220, 263, 264, 383, 425, 243, 276, 452, 251, 234, 237, 269, 295, 262, 230, 227, 352, 439, 314, 572, 753, 292, 267, 254, 261, 327, 253, 346, 285, 273, 331, 370, 307, 298, 346, 369, 281, 278, 258, 261, 440, 369, 269, 248, 629, 356, 244, 260, 306, 251, 259, 474, 517, 253, 232, 229, 222, 249, 280, 279, 235, 270, 264, 276, 258, 258, 278, 462, 480, 250, 228, 251, 276, 251, 228, 228, 247, 275, 229, 282, 998, 655, 320, 393, 652, 288, 270, 292, 251, 243, 249, 248.
VIDURKIS - 318,7ms

bubble sort 10000 atvirksciai surikiuotu (ms) - 407, 415, 454, 393, 376, 420, 366, 648, 485, 359, 525, 638, 381, 367, 713, 812, 350, 837, 934, 364, 367, 364, 370, 365, 391, 397, 363, 351, 366, 430, 414, 448, 361, 359, 364, 363, 348, 354, 388, 352, 349, 345, 368, 538, 596, 370, 422, 869, 769, 375, 403, 395, 395, 381, 403, 378, 389, 502, 439, 515, 446, 511, 474, 373, 371, 398, 395, 455, 408, 529, 954, 641, 480, 458, 516, 376, 429, 380, 535, 472, 437, 445, 417, 490, 422, 444, 424, 398, 376, 432, 369, 393, 425, 617, 400, 414, 455, 450, 463, 429.
VIDURKIS - 452,6ms

bubble sort 10000 surikiuotu (mikrosekundes) - 25, 25, 25, 25, 25, 25, 25, 25, 25, 25, 25, 25, 25, 25, 42, 25, 25, 25, 25, 25, 25, 25, 25, 25, 25, 25, 25, 25, 25, 25, 25, 25, 25, 25, 25, 25, 24, 30, 25, 25, 25, 25, 25, 25, 25, 25, 25, 25, 25, 25, 26, 25, 25, 28, 26, 23, 23, 23, 23, 23, 32, 23, 23, 23, 23, 23, 23, 90, 23, 23, 23, 23, 23, 23, 23, 23, 23, 23, 17, 16, 16, 16, 16, 16, 30, 22, 23, 16, 16, 16, 16, 16, 16, 16, 16, 16, 16, 16, 16, 16.
VIDURKIS - 23,9µs

bubble sort 50000 nesurikiuotu (ms) - 12590, 9141, 9923, 10304, 11352, 10658, 10300, 10405, 9808, 11054, 9669, 9564, 9737, 10451, 9509, 12207, 9436, 9506, 9324, 9928.
VIDURKIS - 10243,3ms

bubble sort 50000 atvirksciai surikiuotu - 11416, 15892, 16664, 17366, 13496, 12656, 12487, 11767, 12009, 11614, 11444, 10887, 12543, 12955, 11128, 13222, 11463, 13295, 13229, 12581
VIDURKIS - 12905,7ms

bubble sort 50000 surikiuotu (mikrosekundes) - 208, 160, 160, 165, 147, 102, 102, 102, 102, 102, 93, 111, 99, 92, 92, 92, 78, 77, 82, 82, 81, 77, 77, 75, 74, 82, 78, 74, 74, 74, 75, 89, 99, 96, 74, 78, 74, 74, 74, 94, 74, 74, 77, 74, 74, 74, 74, 74, 74, 77, 137, 136, 136, 154, 150, 136, 136, 108, 108, 102, 102, 102, 137, 84, 90, 84, 84, 84, 84, 85, 74, 105, 191, 200, 163, 213, 165, 163, 136, 139, 127, 119, 150, 135, 111, 106, 106, 106, 106, 120, 95, 95, 95, 95, 95, 108, 88, 86, 88, 86.
VIDURKIS - 104,9µs

bubble sort 100000 nesurikiuotu (ms) - 41189, 49289, 46228, 42188, 38746, 50088, 45581, 46206, 47994, 43773, 52743, 42937, 45458, 42460, 55863, 48888, 47105, 43375, 43277, 46949.
VIDURKIS - 45893,9ms

bubble sort 100000 atvirksciai surikiuotu (ms) - 52707, 45664, 50107, 39714, 43998, 38762, 37877, 39086, 41269, 43166, 44399, 47277, 57742, 47861, 42937, 44007, 49762, 46898, 54421, 56288.
VIDURKIS - 46197,1ms

bubble sort 100000 surikiuoti (mikrosekundes) - 282, 318, 288, 307, 293, 302, 292, 292, 291, 295, 289, 289, 256, 268, 290, 296, 292, 296, 290, 296, 290, 243, 226, 236, 220, 223, 222, 227, 690, 219, 220, 226, 234, 219, 224, 221, 222, 228, 236, 221, 227, 220, 221, 399, 299, 303, 291, 303, 290, 306.
VIDURKIS - 274,6µs

merge sort 5000 nesurikiuoti (mikrosekundes) - 1084, 731, 708, 862, 738, 736, 1007, 711, 913, 717, 706, 951, 712, 717, 699, 988, 766, 756, 710, 693, 967, 715, 975, 772, 699, 967, 722, 720, 704, 751, 763, 749, 709, 739, 718, 723, 1006, 971, 966, 713, 725, 721, 738, 716, 709, 709, 705, 699, 724, 699, 938, 720, 1029, 708, 725, 717, 719, 705, 706, 807, 708, 719, 762, 733, 1007, 702, 749, 710, 700, 952, 853, 961, 890, 898, 979, 991, 728, 1004, 988, 729, 858, 920, 711, 923, 1010, 998, 693, 709, 721, 933, 735, 722, 728, 693, 696, 997, 720, 815, 774, 738.
VIDURKIS - 796,5µs

merge sort 5000 atvirksciai surikiuoti (mikrosekundes) - 516, 463, 418, 600, 611, 667, 556, 439, 437, 448, 418, 448, 416, 447, 416, 417, 469, 712, 545, 510, 460, 584, 551, 565, 530, 486, 416, 448, 435, 473, 428, 466, 418, 437, 421, 442, 508, 420, 482, 417, 457, 424, 459, 422, 443, 430, 418, 453, 418, 469, 823, 681, 675, 439, 445, 444, 423, 454, 423, 451, 423, 436, 425, 422, 441, 423, 441, 421, 466, 423, 439, 421, 418, 459, 419, 446, 420, 445, 423, 418, 440, 423, 442, 423, 428, 421, 438, 423, 431, 431, 423, 426, 449, 485, 468, 523, 434, 432, 416, 420.
VIDURKIS - 463,5µs

merge sort 5000 surikiuotu (mikrosekundes) - 700, 658, 752, 751, 702, 654, 694, 669, 648, 589, 440, 440, 436, 435, 441, 430, 433, 558, 533, 442, 441, 437, 413, 447, 432, 434, 431, 438, 505, 580, 676, 743, 468, 439, 504, 533, 549, 439, 464, 419, 414, 462, 412, 441, 511, 727, 699, 644, 639, 644, 711, 564, 470, 456, 432, 451, 429, 456, 441, 432, 463, 431, 445, 429, 441, 431, 443, 430, 429, 444, 431, 442, 430, 441, 431, 441, 431, 430, 442, 430, 445, 429, 439, 431, 440, 430, 518, 642, 488, 432, 449, 432, 432, 441, 454, 444, 431, 461, 431, 466.
VIDURKIS - 494,9µs

merge sort 10000 nesurikiuotu (mikrosekundes) - 1691, 1805, 2106, 2081, 1862, 1685, 1669, 1833, 1937, 1486, 2499, 1740, 1899, 1482, 2161, 2097, 2125, 2758, 1481, 1623, 1484, 1540, 1487, 1517, 1470, 1496, 1478, 1512, 1546, 1641, 1624, 1487, 1770, 1479, 2036, 1897, 1809, 1524, 1586, 1516, 1566, 1664, 1546, 1566, 1477, 1644, 1470, 1481, 1478, 1566, 1526, 1492, 2094, 1519, 2014, 1511, 2075, 1490, 1508, 1562, 1473, 1792, 1510, 2052, 1536, 1507, 2104, 1508, 1751, 1965, 1519, 1817, 1706, 1611, 1499, 1472, 2094, 1548, 1557, 1746, 1478, 1519, 1930, 1944, 1852, 1771, 1484, 2039, 2089, 1581, 1475, 1500, 1507, 1760, 1562, 1501, 1565, 2175, 1481, 1474.
VIDURKIS - 1696,2µs

merge sort 10000 atvirksciai surikiuotu (mikrosekundes) - 1263, 1410, 1062, 988, 969, 915, 919, 917, 894, 913, 917, 914, 917, 912, 915, 913, 916, 922, 910, 931, 923, 1017, 1217, 1339, 1355, 1118, 936, 988, 933, 914, 906, 922, 931, 952, 925, 927, 972, 931, 1179, 1363, 1346, 1305, 1001, 1008, 954, 918, 918, 930, 924, 916, 1500, 1009, 913, 896, 908, 902, 908, 872, 932, 924, 889, 908, 888, 888, 885, 923, 892, 888, 906, 875, 883, 888, 883, 882, 1220, 1404, 1350, 1248, 921, 908, 907, 890, 887, 902, 883, 903, 883, 876, 880, 915, 885, 887, 882, 906, 906, 1301, 1441, 1122, 917, 865.
VIDURKIS - 987,2µs

merge sort 10000 surikiuotu (mikrosekundes) - 1707, 910, 972, 892, 869, 903, 890, 933, 903, 884, 881, 895, 915, 1003, 1297, 1255, 913, 901, 898, 883, 887, 899, 886, 901, 881, 868, 899, 891, 899, 881, 923, 885, 1134, 903, 916, 1678, 1028, 873, 921, 1067, 1173, 1342, 1356, 1299, 925, 915, 911, 998, 1062, 1015, 1469, 1382, 1348, 1393, 1416, 1358, 1372, 1357, 1379, 1354, 1355, 1376, 1356, 1383, 1356, 1338, 1303, 1343, 1372, 1388, 1361, 1382, 1365, 1353, 1341, 1329, 1341, 1354, 1367, 1357, 1359, 1365, 1334, 1323, 1347, 1376, 1084, 920, 880, 867, 867, 888, 873, 878, 935, 877, 874, 1121, 1198, 1498. 
VIDURKIS - 1127,3µs

merge sort 50000 nesurikiuotu (ms) - 9, 8, 8, 8, 8, 8, 8, 10, 8, 8, 8, 9, 9, 8, 8, 9, 8, 8, 8, 10, 8, 8, 9, 8, 8, 8, 8, 8, 8, 8, 8, 8, 57, 8, 8, 12, 8, 11, 8, 8, 8, 8, 9, 8, 8, 10, 9, 8, 8, 11, 9, 11, 8, 11, 8, 8, 8, 9, 11, 9, 8, 11, 8, 8, 8, 10, 8, 12, 11, 11, 11, 8, 9, 8, 8, 11, 8, 11, 11, 8, 8, 8, 8, 8, 8, 9, 8, 8, 8, 8, 11, 8, 8, 8, 8, 8, 8, 8, 8, 8.
VIDURKIS - 9,2ms

merge sort 50000 atvirksciai surikiuotu (ms) - 5, 5, 5, 5, 5, 4, 4, 4, 4, 5, 4, 4, 4, 4, 4, 4, 4, 5, 4, 4, 4, 4, 4, 4, 4, 5, 8, 8, 8, 8, 7, 5, 6, 5, 4, 4, 4, 5, 4, 4, 4, 4, 4, 4, 4, 4, 4, 5, 4, 4, 6, 6, 5, 7, 7, 6, 6, 5, 5, 7, 7, 6, 5, 4, 6, 4, 4, 4, 5, 4, 4, 4, 4, 4, 4, 5, 4, 4, 4, 5, 5, 4, 4, 5, 5, 5, 7, 5, 6, 4, 4, 4, 4, 4, 4, 4, 4, 4, 5, 4.
VIDURKIS - 4,8ms

merge sort 50000 surikiuotu (ms) - 6, 7, 7, 5, 5, 5, 5, 7, 7, 7, 7, 6, 6, 7, 6, 5, 5, 5, 4, 5, 4, 4, 6, 6, 5, 7, 7, 7, 7, 6, 5, 4, 4, 4, 4, 5, 5, 4, 4, 4, 4, 4, 4, 4, 4, 4, 4, 4, 4, 4, 9, 7, 6, 6, 6, 7, 7, 4, 4, 4, 4, 4, 6, 7, 7, 8, 7, 7, 5, 5, 6, 7, 4, 4, 4, 5, 5, 4, 4, 5, 6, 7, 7, 7, 7, 7, 7, 7, 5, 4, 4, 4, 4, 4, 4, 5, 7, 7, 7, 7.
VIDURKIS - 5,5ms

merge sort 100000 nesurikiuotu (ms) - 24, 86, 17, 17, 18, 18, 17, 21, 18, 23, 17, 17, 17, 20, 18, 18, 17, 21, 18, 22, 19, 17, 17, 18, 22, 19, 17, 17, 18, 24, 17, 23, 21, 18, 21, 25, 19, 24, 18, 17, 18, 18, 21, 17, 17, 17, 69, 17, 22, 17, 20, 17, 17, 19, 18, 60, 17, 18, 17, 19, 17, 69, 17, 17, 19, 21, 20, 17, 17, 22, 18, 18, 20, 19, 17, 18, 19, 17, 18, 17, 46, 17, 18, 18, 17, 18, 21, 17, 17, 18, 85, 18, 17, 82, 17, 23, 19, 17, 19, 19.
VIDURKIS - 22,3ms

merge sort 100000 atvirksciai surikiuotu (ms) - 15, 12, 15, 13, 14, 12, 11, 10, 11, 11, 12, 11, 15, 13, 12, 15, 15, 15, 15, 15, 16, 11, 10, 10, 10, 16, 15, 11, 10, 10, 10, 11, 13, 14, 14, 12, 14, 13, 15, 13, 15, 15, 12, 10, 10, 10, 10, 10, 15, 15, 11, 10, 15, 15, 13, 10, 10, 10, 10, 10, 13, 15, 15, 11, 11, 11, 11, 10, 14, 15, 15, 14, 12, 10, 10, 13, 15, 15, 10, 10, 10, 10, 10, 10, 11, 17, 12, 10, 10, 12, 10, 11, 15, 14, 14, 13, 15, 15, 12, 15. 
VIDURKIS - 12,4ms

merge sort 100000 surikiuotu (ms) - 11, 10, 10, 10, 10, 10, 10, 10, 10, 10, 11, 10, 10, 10, 10, 10, 10, 10, 10, 10, 10, 12, 10, 12, 14, 10, 10, 10, 12, 11, 10, 10, 11, 10, 10, 14, 15, 13, 10, 10, 10, 10, 10, 10, 10, 10, 10, 11, 13, 10, 10, 9, 9, 9, 10, 10, 9, 9, 9, 10, 9, 10, 11, 11, 11, 11, 10, 10, 9, 10, 10, 9, 10, 10, 9, 11, 10, 9, 10, 9, 10, 10, 11, 10, 10, 10, 10, 11, 10, 10, 10, 10, 10, 10, 9, 9, 10, 10, 9, 10. 
VIDURKIS - 10,2ms



